100 -159.863
200 321.024
300 7.527
400 5.660
500 383.797
600 -184.794
700 49.187
800 -199.177
900 77.502
1000 20.886
1100 -145.124
1200 109.275
1300 -147.430
1400 67.478
1500 133.905
1600 227.431
1700 33.484
1800 248.409
1900 44.199
2000 -176.680
2100 179.124
2200 151.928
2300 37.768
2400 -0.575
2500 -59.510
2600 146.469
2700 -95.933
2800 365.961
2900 132.805
3000 271.106
3100 18.055
3200 206.149
3300 169.196
3400 -225.379
3500 -365.397
3600 173.644
3700 97.142
3800 224.466
3900 -286.018
4000 -253.896
4100 363.849
4200 122.053
4300 19.485
4400 115.212
4500 264.577
4600 -137.794
4700 94.490
4800 -76.663
4900 61.240
5000 333.914
5100 28.395
5200 -36.843
5300 -4.752
5400 130.230
5500 149.983
5600 263.014
5700 81.184
5800 -158.377
5900 257.944
6000 39.400
6100 53.571
6200 176.756
6300 -235.979
6400 -88.506
6500 88.946
6600 57.152
6700 123.043
6800 -78.097
6900 -164.900
7000 -118.897
7100 46.327
7200 166.176
7300 -198.077
7400 63.051
7500 333.652
7600 -68.471
7700 -104.324
7800 330.843
7900 179.444
8000 -79.693
8100 76.178
8200 114.556
8300 -64.919
8400 -120.354
8500 -314.857
8600 -12.737
8700 66.434
8800 153.460
8900 357.280
9000 56.614
9100 191.557
9200 6.877
9300 -30.083
9400 137.402
9500 -228.096
9600 -21.769
9700 147.579
9800 48.821
9900 -168.830
10000 68.864
10100 188.011
10200 31.144
10300 149.045
10400 192.270
10500 28.203
10600 -35.106
10700 334.033
10800 315.945
10900 64.023
11000 219.514
11100 59.020
11200 -96.363
11300 -247.899
11400 -138.776
11500 -181.125
11600 77.251
11700 117.466
11800 137.917
11900 -61.488
12000 340.867
12100 192.166
12200 181.655
12300 -63.219
12400 -27.847
12500 253.307
12600 -9.134
12700 246.858
12800 -1.400
12900 211.655
13000 233.384
13100 -126.584
13200 -18.424
13300 156.431
13400 95.374
13500 29.175
13600 10.079
13700 41.536
13800 321.112
13900 17.048
14000 58.289
14100 216.793
14200 -50.541
14300 -41.280
14400 213.901
14500 -118.250
14600 62.445
14700 226.965
14800 -289.542
14900 74.193
15000 -155.353
15100 261.583
15200 -135.782
15300 -111.194
15400 92.577
15500 86.407
15600 340.827
15700 -85.026
15800 -82.399
15900 -275.262
16000 173.861
16100 330.992
16200 -81.658
16300 92.855
16400 209.010
16500 383.340
16600 -6.430
16700 92.215
16800 -52.491
16900 101.328
17000 72.710
17100 342.787
17200 175.199
17300 -5.527
17400 216.503
17500 109.287
17600 296.060
17700 -268.337
17800 -196.206
17900 211.259
18000 -209.852
18100 -14.462
18200 155.210
18300 -60.129
18400 113.187
18500 78.950
18600 213.757
18700 260.359
18800 -165.665
18900 38.497
19000 -47.087
19100 300.453
19200 67.999
19300 201.405
19400 503.995
19500 272.029
19600 51.414
19700 -35.089
19800 50.796
19900 161.748
20000 31.926
20100 72.802
20200 189.603
20300 361.724
20400 -220.235
20500 -51.753
20600 55.919
20700 339.964
20800 -69.915
20900 -41.116
21000 -45.412
21100 -2.413
21200 123.506
21300 -17.432
21400 -192.636
21500 -372.147
21600 83.264
21700 239.792
21800 -18.015
21900 15.262
22000 220.847
22100 223.557
22200 71.405
22300 -161.218
22400 -123.177
22500 118.380
22600 360.649
22700 252.914
22800 -27.114
22900 359.956
23000 78.090
23100 225.042
23200 189.523
23300 44.032
23400 322.865
23500 -91.541
23600 250.757
23700 411.388
23800 -129.572
23900 313.751
24000 82.058
24100 -167.037
24200 1.255
24300 75.610
24400 -293.876
24500 71.234
24600 122.058
24700 27.519
24800 -33.651
24900 -259.682
25000 152.241
25100 -96.564
25200 13.781
25300 -83.824
25400 249.925
25500 327.467
25600 -94.418
25700 81.476
25800 -188.175
25900 326.638
26000 -43.160
26100 -50.074
26200 -43.791
26300 -155.304
26400 -131.814
26500 -167.608
26600 181.173
26700 156.995
26800 -235.576
26900 -71.090
27000 183.077
27100 204.847
27200 14.513
27300 -113.025
27400 -10.510
27500 18.859
27600 -145.809
27700 -33.733
27800 340.065
27900 -6.885
28000 -60.586
28100 275.763
28200 16.593
28300 128.880
28400 -161.549
28500 266.305
28600 339.766
28700 -56.718
28800 -176.619
28900 119.505
29000 -20.037
29100 307.941
29200 -89.222
29300 -19.338
29400 269.126
29500 -236.764
29600 73.319
29700 269.265
29800 -35.299
29900 -128.646
30000 124.283
30100 9.754
30200 -44.130
30300 -22.169
30400 15.576
30500 128.835
30600 -196.439
30700 -25.363
30800 -165.797
30900 56.717
31000 254.981
31100 86.749
31200 93.751
31300 230.672
31400 -194.380
31500 -28.685
31600 152.810
31700 237.565
31800 -31.090
31900 130.672
32000 120.094
32100 -31.779
32200 -15.783
32300 266.320
32400 -7.362
32500 -182.750
32600 -117.376
32700 -180.702
32800 -67.626
32900 14.981
33000 90.032
33100 -210.000
33200 -493.967
33300 320.986
33400 256.422
33500 -30.658
33600 -225.684
33700 6.663
33800 7.844
33900 231.655
34000 58.505
34100 35.715
34200 74.451
34300 -139.103
34400 -257.707
34500 -32.851
34600 95.526
34700 135.292
34800 58.688
34900 68.565
35000 484.885
35100 293.976
35200 -281.890
35300 -61.518
35400 -140.891
35500 -2.994
35600 -109.825
35700 -77.598
35800 -187.316
35900 -63.256
36000 199.642
36100 300.353
36200 -119.834
36300 -204.041
36400 90.436
36500 -33.044
36600 -30.547
36700 68.313
36800 -81.293
36900 -46.252
37000 404.138
37100 289.134
37200 -298.449
37300 44.955
37400 -95.474
37500 423.094
37600 170.003
37700 41.895
37800 37.185
37900 170.878
38000 207.034
38100 98.063
38200 79.771
38300 -290.444
38400 85.774
38500 -20.603
38600 114.200
38700 -240.487
38800 90.754
38900 395.555
39000 173.296
39100 60.487
39200 -70.096
39300 -92.501
39400 -174.158
39500 -45.398
39600 55.599
39700 -415.058
39800 -137.319
39900 -62.880
40000 312.335
40100 130.705
40200 -173.259
40300 305.895
40400 81.334
40500 -27.832
40600 28.850
40700 -57.922
40800 93.674
40900 71.842
41000 383.876
41100 118.502
41200 -51.819
41300 -77.922
41400 177.310
41500 217.641
41600 -64.019
41700 -79.548
41800 264.410
41900 187.297
42000 22.923
42100 -8.172
42200 300.662
42300 -87.276
42400 -29.296
42500 94.554
42600 167.956
42700 -60.780
42800 -385.116
42900 227.835
43000 -151.222
43100 89.225
43200 -93.689
43300 -42.968
43400 -86.378
43500 267.234
43600 -98.922
43700 76.064
43800 -209.741
43900 -209.665
44000 116.746
44100 -166.208
44200 218.625
44300 476.395
44400 -3.654
44500 139.253
44600 184.836
44700 26.062
44800 241.587
44900 23.854
45000 226.992
45100 343.985
45200 27.319
45300 112.815
45400 -70.503
45500 211.669
45600 394.204
45700 -163.285
45800 -61.848
45900 151.390
46000 130.756
46100 419.032
46200 79.255
46300 112.935
46400 104.071
46500 150.028
46600 -59.397
46700 296.424
46800 280.002
46900 -158.757
47000 60.954
47100 -139.707
47200 61.682
47300 342.698
47400 -186.437
47500 14.790
47600 233.727
47700 142.665
47800 229.187
47900 27.918
48000 -92.278
48100 125.480
48200 303.986
48300 291.644
48400 291.942
48500 488.398
48600 92.146
48700 -6.630
48800 -91.136
48900 31.040
49000 183.990
49100 -46.209
49200 134.460
49300 118.333
49400 158.319
49500 -20.580
49600 115.440
49700 114.147
49800 76.784
49900 87.902
50000 212.140
50100 14.238
50200 -258.992
50300 -133.837
50400 45.474
50500 16.692
50600 181.778
50700 -55.854
50800 25.650
50900 -59.080
51000 308.133
51100 130.298
51200 295.514
51300 231.264
51400 103.250
51500 -196.173
51600 -194.349
51700 -6.805
51800 -313.250
51900 -49.864
52000 -236.263
52100 -216.915
52200 341.699
52300 299.568
52400 -108.360
52500 -44.387
52600 -183.739
52700 325.575
52800 -155.535
52900 -153.041
53000 311.115
53100 -326.327
53200 -22.677
53300 312.334
53400 -127.545
53500 11.992
53600 180.719
53700 230.744
53800 365.767
53900 -344.512
54000 144.459
54100 295.336
54200 185.656
54300 105.256
54400 -9.572
54500 178.915
54600 543.185
54700 27.632
54800 -322.998
54900 326.766
55000 282.843
55100 17.140
55200 -110.068
55300 -126.681
55400 329.758
55500 -97.068
55600 349.464
55700 215.528
55800 -110.585
55900 433.237
56000 190.398
56100 29.511
56200 156.101
56300 -45.281
56400 288.982
56500 -177.227
56600 -195.764
56700 155.053
56800 470.167
56900 31.452
57000 69.468
57100 81.752
57200 131.972
57300 -345.648
57400 -110.255
57500 13.386
57600 -301.966
57700 -15.148
57800 73.576
57900 274.191
58000 -361.346
58100 404.661
58200 309.787
58300 12.737
58400 303.492
58500 -251.045
58600 5.919
58700 -46.548
58800 -2.343
58900 149.690
59000 -126.195
59100 -114.375
59200 -266.112
59300 61.519
59400 -72.026
59500 -358.894
59600 -238.013
59700 388.100
59800 57.317
59900 -337.890
60000 22.018
60100 -76.633
60200 326.871
60300 123.417
60400 -293.394
60500 -82.845
60600 210.468
60700 371.588
60800 -45.906
60900 -114.132
61000 -53.569
61100 63.499
61200 -146.700
61300 -293.875
61400 -47.932
61500 35.010
61600 286.852
61700 147.009
61800 128.526
61900 57.242
62000 267.373
62100 231.765
62200 277.195
62300 364.842
62400 -177.844
62500 100.172
62600 167.128
62700 -162.963
62800 239.898
62900 -57.158
63000 -58.808
63100 -97.564
63200 -89.482
63300 70.237
63400 138.775
63500 49.469
63600 175.930
63700 93.856
63800 -47.477
63900 133.220
64000 -110.407
64100 58.427
64200 121.358
64300 -111.594
64400 -408.036
64500 50.481
64600 26.074
64700 -19.087
64800 180.359
64900 -77.650
65000 14.327
65100 306.617
65200 357.907
65300 -50.960
65400 -386.077
65500 118.916
65600 16.107
65700 -73.799
65800 183.337
65900 256.745
66000 77.160
66100 133.193
66200 -121.756
66300 143.591
66400 -76.497
66500 243.509
66600 543.193
66700 -58.142
66800 6.336
66900 219.406
67000 -17.693
67100 -16.397
67200 530.108
67300 -96.423
67400 137.208
67500 313.460
67600 141.109
67700 117.644
67800 238.693
67900 -123.815
68000 -40.003
68100 -81.412
68200 -80.917
68300 49.261
68400 300.185
68500 234.505
68600 -192.893
68700 -212.275
68800 -105.406
68900 152.417
69000 -123.655
69100 -86.112
69200 427.786
69300 -215.372
69400 -258.472
69500 97.289
69600 159.440
69700 -5.178
69800 105.747
69900 -23.777
70000 -133.988
70100 256.784
70200 99.747
70300 -135.334
70400 -187.060
70500 161.299
70600 -107.111
70700 -139.018
70800 -35.167
70900 118.814
71000 11.424
71100 134.244
71200 -203.718
71300 -22.600
71400 -124.925
71500 168.027
71600 304.505
71700 -359.813
71800 -0.287
71900 -14.767
72000 -187.097
72100 -12.158
72200 29.633
72300 -15.387
72400 219.619
72500 -339.017
72600 -121.871
72700 135.547
72800 31.754
72900 189.660
73000 -45.484
73100 -9.863
73200 240.377
73300 -274.522
73400 -324.160
73500 14.525
73600 21.867
73700 -55.786
73800 335.953
73900 -0.310
74000 284.498
74100 -44.333
74200 278.725
74300 -178.710
74400 -217.102
74500 -243.978
74600 -16.182
74700 62.314
74800 85.700
74900 373.417
75000 267.388
75100 -1.352
75200 -209.823
75300 105.110
75400 243.333
75500 5.956
75600 122.704
75700 364.923
75800 43.056
75900 -75.605
76000 229.091
76100 108.071
76200 138.685
76300 89.466
76400 205.471
76500 181.904
76600 157.439
76700 273.416
76800 351.843
76900 -9.897
77000 99.020
77100 35.322
77200 48.584
77300 241.255
77400 -204.754
77500 99.504
77600 0.180
77700 -132.057
77800 20.726
77900 -93.147
78000 -60.750
78100 1.710
78200 -70.685
78300 -176.986
78400 168.424
78500 34.933
78600 112.942
78700 337.905
78800 -28.467
78900 -139.885
79000 639.831
79100 -151.973
79200 -176.812
79300 -193.108
79400 2.424
79500 23.614
79600 137.345
79700 -31.287
79800 120.126
79900 7.836
80000 -19.859
80100 -25.836
80200 165.003
80300 -15.387
80400 163.919
80500 40.339
80600 336.582
80700 -186.989
80800 108.380
80900 -88.026
81000 214.166
81100 -86.242
81200 -220.201
81300 113.906
81400 74.427
81500 -21.264
81600 -166.728
81700 234.583
81800 105.310
81900 -267.750
82000 206.884
82100 206.391
82200 -106.212
82300 97.941
82400 89.428
82500 30.699
82600 44.258
82700 286.133
82800 55.061
82900 300.107
83000 -201.196
83100 75.900
83200 187.560
83300 5.428
83400 -24.844
83500 90.046
83600 -48.500
83700 318.427
83800 27.177
83900 298.800
84000 -64.699
84100 375.804
84200 97.334
84300 157.354
84400 -185.807
84500 35.994
84600 51.906
84700 152.509
84800 187.015
84900 -140.797
85000 300.845
85100 -142.239
85200 -299.397
85300 42.679
85400 221.713
85500 -339.132
85600 208.102
85700 210.617
85800 -48.221
85900 73.521
86000 -504.096
86100 -76.805
86200 -85.978
86300 115.112
86400 142.573
86500 347.054
86600 130.782
86700 142.186
86800 -50.170
86900 117.961
87000 -18.105
87100 260.302
87200 207.959
87300 32.285
87400 -12.036
87500 194.153
87600 98.665
87700 166.286
87800 378.216
87900 -0.764
88000 181.153
88100 -93.782
88200 68.101
88300 -425.908
88400 439.793
88500 216.666
88600 -12.374
88700 252.964
88800 186.052
88900 -26.801
89000 296.285
89100 -176.174
89200 -389.597
89300 35.538
89400 59.184
89500 4.884
89600 18.762
89700 -2.288
89800 2.032
89900 148.072
90000 10.418
90100 188.173
90200 59.566
90300 101.448
90400 177.359
90500 246.086
90600 65.903
90700 -68.470
90800 -19.403
90900 -127.378
91000 164.206
91100 -468.829
91200 215.713
91300 36.918
91400 -7.192
91500 49.190
91600 -15.660
91700 -45.727
91800 -100.223
91900 7.797
92000 -11.412
92100 -60.382
92200 39.408
92300 76.184
92400 20.736
92500 -260.978
92600 183.061
92700 113.300
92800 181.927
92900 -265.656
93000 225.720
93100 448.785
93200 61.435
93300 -3.391
93400 267.756
93500 35.694
93600 82.256
93700 112.275
93800 -100.447
93900 351.511
94000 -106.654
94100 142.225
94200 31.285
94300 180.777
94400 81.044
94500 -43.622
94600 205.808
94700 142.760
94800 181.510
94900 -307.110
95000 -23.300
95100 115.752
95200 56.585
95300 7.384
95400 -219.386
95500 -126.309
95600 201.980
95700 -111.201
95800 -108.579
95900 -279.028
96000 106.838
96100 32.138
96200 280.578
96300 -106.938
96400 -112.449
96500 -75.688
96600 50.930
96700 234.262
96800 -171.474
96900 -22.734
97000 142.814
97100 164.150
97200 -235.368
97300 168.241
97400 334.823
97500 278.858
97600 68.278
97700 -122.961
97800 -51.864
97900 296.758
98000 86.761
98100 -268.237
98200 137.784
98300 39.688
98400 49.523
98500 -266.565
98600 215.177
98700 131.286
98800 242.167
98900 -89.083
99000 0.916
99100 -301.592
99200 142.783
99300 330.138
99400 132.631
99500 -91.058
99600 36.309
99700 420.129
99800 -14.235
99900 -485.674
100000 302.743
100100 144.240
100200 119.343
100300 -57.000
100400 36.946
100500 -130.151
100600 -113.863
100700 174.684
100800 116.867
100900 171.859
101000 273.472
101100 -191.648
101200 292.772
101300 -142.255
101400 -87.820
101500 174.919
101600 -115.870
101700 114.814
101800 204.757
101900 3.085
102000 66.101
102100 197.247
102200 -98.087
102300 112.338
102400 305.255
102500 391.036
102600 -166.347
102700 167.628
102800 165.630
102900 196.348
103000 -108.650
103100 -18.486
103200 86.346
103300 34.104
103400 142.020
103500 320.843
103600 72.807
103700 152.502
103800 81.973
103900 -51.321
104000 -13.775
104100 348.341
104200 -312.929
104300 314.094
104400 25.483
104500 2.427
104600 167.884
104700 20.524
104800 -194.155
104900 -7.192
105000 100.466
105100 139.010
105200 -37.292
105300 47.042
105400 270.745
105500 313.792
105600 -75.852
105700 296.264
105800 -61.184
105900 277.393
106000 -103.369
106100 46.881
106200 349.927
106300 -137.594
106400 382.983
106500 223.059
106600 126.872
106700 -197.623
106800 189.619
106900 -47.511
107000 159.921
107100 506.986
107200 117.457
107300 -99.492
107400 295.178
107500 97.124
107600 145.226
107700 117.617
107800 198.268
107900 38.304
108000 323.689
108100 216.990
108200 -11.568
108300 -88.578
108400 83.366
108500 218.931
108600 97.115
108700 0.698
108800 169.041
108900 -137.315
109000 69.386
109100 -26.973
109200 301.111
109300 140.865
109400 91.772
109500 -66.428
109600 104.385
109700 68.367
109800 99.534
109900 282.832
110000 316.669
110100 98.415
110200 118.812
110300 299.386
110400 -135.660
110500 -127.306
110600 170.710
110700 81.764
110800 -82.150
110900 108.243
111000 467.808
111100 221.922
111200 -65.395
111300 -95.783
111400 -94.798
111500 -124.872
111600 44.621
111700 -304.132
111800 -125.820
111900 27.130
112000 -118.094
112100 209.382
112200 545.007
112300 54.388
112400 -32.228
112500 196.154
112600 324.284
112700 -93.846
112800 -88.797
112900 51.206
113000 282.767
113100 168.976
113200 -233.374
113300 261.524
113400 122.378
113500 -239.204
113600 127.339
113700 189.450
113800 187.598
113900 82.501
114000 66.958
114100 148.207
114200 196.664
114300 92.291
114400 60.133
114500 -192.292
114600 23.494
114700 234.217
114800 -63.540
114900 -128.409
115000 300.718
115100 -38.712
115200 96.551
115300 168.508
115400 140.488
115500 131.039
115600 179.809
115700 -340.429
115800 328.384
115900 -155.159
116000 127.388
116100 71.507
116200 312.242
116300 99.582
116400 54.967
116500 12.502
116600 392.359
116700 -74.522
116800 -210.177
116900 178.694
117000 231.881
117100 158.323
117200 181.300
117300 78.310
117400 277.892
117500 -36.078
117600 86.375
117700 449.015
117800 355.606
117900 151.093
118000 -380.167
118100 166.709
118200 -49.367
118300 -368.179
118400 100.925
118500 110.953
118600 -151.680
118700 67.110
118800 -67.948
118900 168.593
119000 18.930
119100 -212.953
119200 -47.346
119300 85.683
119400 -72.336
119500 -198.348
119600 279.957
119700 232.640
119800 113.255
119900 -41.896
120000 425.160
120100 59.340
120200 -183.971
120300 -144.428
120400 -151.079
120500 -60.043
120600 179.042
120700 422.848
120800 125.710
120900 10.696
121000 368.653
121100 -220.893
121200 66.390
121300 -25.102
121400 -31.044
121500 51.659
121600 302.826
121700 -38.261
121800 100.372
121900 291.587
122000 -230.060
122100 -90.640
122200 44.218
122300 169.837
122400 -61.465
122500 155.943
122600 322.691
122700 97.189
122800 -73.708
122900 199.737
123000 18.448
123100 12.876
123200 91.530
123300 69.924
123400 145.719
123500 186.737
123600 139.146
123700 274.426
123800 11.323
123900 -22.342
124000 125.854
124100 70.059
124200 30.198
124300 -337.737
124400 -145.780
124500 344.849
124600 270.352
124700 -9.952
124800 312.740
124900 23.320
125000 222.311
125100 158.836
125200 103.095
125300 1.066
125400 155.534
125500 123.758
125600 -88.111
125700 115.390
125800 179.958
125900 -223.466
126000 -338.024
126100 75.733
126200 118.504
126300 -63.138
126400 -86.802
126500 263.259
126600 196.379
126700 -184.653
126800 -119.978
126900 -183.928
127000 130.819
127100 -37.466
127200 159.327
127300 63.289
127400 238.372
127500 -27.611
127600 -55.890
127700 -89.279
127800 -22.211
127900 -233.344
128000 -98.858
128100 161.368
128200 106.063
128300 -48.317
128400 163.590
128500 33.640
128600 118.991
128700 53.910
128800 92.539
128900 -21.629
129000 170.537
129100 59.833
129200 -133.069
129300 -47.960
129400 -67.989
129500 269.271
129600 216.157
129700 134.445
129800 -42.823
129900 187.753
130000 72.519
130100 357.913
130200 181.689
130300 416.224
130400 100.170
130500 -155.006
130600 -134.195
130700 13.719
130800 -3.585
130900 97.733
131000 287.633
131100 175.466
131200 27.931
131300 45.062
131400 114.256
131500 101.952
131600 90.835
131700 152.135
131800 -340.713
131900 70.134
132000 114.828
132100 -129.131
132200 -79.879
132300 -20.565
132400 85.816
132500 -234.417
132600 74.550
132700 178.078
132800 196.836
132900 -20.947
133000 187.202
133100 95.545
133200 -26.551
133300 118.641
133400 -32.915
133500 -207.861
133600 80.703
133700 -333.257
133800 316.454
133900 35.785
134000 -73.393
134100 217.140
134200 125.388
134300 306.904
134400 395.223
134500 -40.292
134600 -92.407
134700 42.818
134800 -99.657
134900 224.690
135000 -20.980
135100 43.723
135200 -26.349
135300 -86.324
135400 11.336
135500 57.137
135600 -6.330
135700 230.874
135800 56.090
135900 -237.268
136000 17.790
136100 136.814
136200 271.551
136300 162.246
136400 -255.327
136500 -16.791
136600 315.078
136700 313.693
136800 344.402
136900 -218.413
137000 234.235
137100 137.185
137200 71.127
137300 -156.844
137400 256.583
137500 12.632
137600 -14.325
137700 72.417
137800 -39.893
137900 120.551
138000 -26.039
138100 77.184
138200 180.063
138300 393.654
138400 -236.592
138500 -44.667
138600 280.108
138700 30.443
138800 -180.078
138900 68.986
139000 261.319
139100 -70.663
139200 23.233
139300 2.201
139400 14.252
139500 158.398
139600 133.465
139700 -4.928
139800 44.853
139900 108.358
140000 -7.243
140100 183.058
140200 -96.985
140300 272.849
140400 45.591
140500 -31.564
140600 -185.537
140700 276.873
140800 309.132
140900 229.633
141000 342.348
141100 30.474
141200 232.580
141300 -73.340
141400 -73.382
141500 35.811
141600 -206.216
141700 -0.533
141800 67.440
141900 101.356
142000 347.409
142100 16.728
142200 76.842
142300 -113.308
142400 326.908
142500 -355.829
142600 191.700
142700 -11.992
142800 -258.157
142900 6.697
143000 -12.534
143100 301.215
143200 105.464
143300 161.347
143400 162.716
143500 -205.481
143600 -100.576
143700 347.261
143800 -166.488
143900 311.455
144000 128.797
144100 -316.569
144200 -196.042
144300 39.108
144400 73.388
144500 150.139
144600 207.075
144700 69.698
144800 42.880
144900 16.176
145000 147.595
145100 54.359
145200 183.342
145300 138.860
145400 -79.688
145500 164.671
145600 156.238
145700 -167.421
145800 111.948
145900 233.421
146000 125.029
146100 374.549
146200 192.394
146300 159.412
146400 -141.202
146500 83.244
146600 316.904
146700 -69.223
146800 176.806
146900 -54.502
147000 242.116
147100 170.521
147200 223.438
147300 -110.467
147400 -42.149
147500 88.273
147600 36.622
147700 77.816
147800 133.310
147900 -19.144
148000 3.867
148100 -356.991
148200 210.351
148300 111.741
148400 73.608
148500 -151.507
148600 -148.042
148700 11.342
148800 244.992
148900 6.769
149000 23.367
149100 395.353
149200 103.838
149300 -84.766
149400 89.178
149500 192.613
149600 108.384
149700 -61.819
149800 111.200
149900 -44.076
150000 304.024
150100 401.639
150200 -90.614
150300 53.888
150400 147.148
150500 -53.525
150600 44.222
150700 201.416
150800 216.421
150900 231.884
151000 79.254
151100 -117.400
151200 -67.098
151300 316.279
151400 -139.969
151500 360.460
151600 -351.511
151700 0.256
151800 2.623
151900 81.454
152000 361.833
152100 213.668
152200 148.417
152300 296.374
152400 234.491
152500 -95.851
152600 136.364
152700 97.363
152800 -8.488
152900 121.492
153000 -196.408
153100 -6.684
153200 162.211
153300 -149.900
153400 135.749
153500 -287.889
153600 -54.041
153700 198.978
153800 11.393
153900 -151.799
154000 -7.339
154100 130.118
154200 71.012
154300 297.528
154400 -128.446
154500 -90.243
154600 -32.984
154700 -197.991
154800 143.924
154900 116.619
155000 -157.919
155100 -9.623
155200 -93.976
155300 -54.928
155400 -133.249
155500 331.038
155600 175.091
155700 -214.945
155800 -170.364
155900 25.889
156000 -181.445
156100 -91.108
156200 107.613
156300 -38.789
156400 75.015
156500 -78.663
156600 643.748
156700 -1.068
156800 -86.865
156900 470.442
157000 86.633
157100 340.776
157200 -172.905
157300 -93.555
157400 300.880
157500 308.064
157600 370.443
157700 -75.352
157800 38.641
157900 -186.803
158000 -6.031
158100 130.206
158200 157.352
158300 -87.352
158400 -1.427
158500 43.996
158600 -185.335
158700 145.946
158800 -103.415
158900 211.888
159000 207.785
159100 58.127
159200 124.739
159300 -41.609
159400 259.593
159500 -87.004
159600 -26.864
159700 -388.396
159800 197.847
159900 77.684
160000 -157.090
160100 37.686
160200 -128.138
160300 29.926
160400 -28.140
160500 116.470
160600 -2.011
160700 89.345
160800 -153.632
160900 62.971
161000 17.204
161100 -282.406
161200 -92.014
161300 -46.375
161400 278.151
161500 -144.952
161600 68.310
161700 -16.753
161800 404.652
161900 173.733
162000 -102.101
162100 319.539
162200 74.192
162300 21.217
162400 305.533
162500 567.446
162600 303.911
162700 119.036
162800 -351.267
162900 361.111
163000 -18.653
163100 -294.592
163200 289.021
163300 352.612
163400 -117.333
163500 -22.727
163600 -90.609
163700 -41.063
163800 -51.570
163900 -4.136
164000 47.910
164100 444.576
164200 -113.381
164300 -139.260
164400 -11.764
164500 -59.285
164600 -118.874
164700 -49.386
164800 -114.593
164900 104.831
165000 107.522
165100 -129.956
165200 231.131
165300 92.209
165400 -62.147
165500 -18.588
165600 -80.298
165700 141.349
165800 11.797
165900 -81.659
166000 263.615
166100 94.477
166200 271.789
166300 3.832
166400 -93.977
166500 180.207
166600 143.023
166700 21.903
166800 -26.415
166900 69.217
167000 11.267
167100 47.074
167200 41.404
167300 -29.696
167400 -13.912
167500 -33.251
167600 115.280
167700 40.821
167800 -98.371
167900 -58.044
168000 397.868
168100 95.962
168200 63.430
168300 -234.238
168400 -84.479
168500 15.967
168600 -284.070
168700 144.023
168800 119.738
168900 15.364
169000 -149.049
169100 42.900
169200 -186.034
169300 191.190
169400 -59.851
169500 75.631
169600 200.129
169700 235.125
169800 50.484
169900 448.577
170000 16.425
170100 244.593
170200 264.492
170300 -212.457
170400 -337.473
170500 228.620
170600 407.215
170700 165.959
170800 461.981
170900 52.234
171000 -166.351
171100 72.363
171200 -57.984
171300 46.196
171400 22.706
171500 184.356
171600 266.564
171700 298.428
171800 203.242
171900 386.686
172000 270.776
172100 192.514
172200 -128.487
172300 -24.939
172400 456.707
172500 122.092
172600 67.372
172700 372.192
172800 30.620
172900 99.164
173000 439.206
173100 176.347
173200 -105.247
173300 -9.960
173400 372.688
173500 -18.202
173600 -69.531
173700 -228.887
173800 22.108
173900 284.469
174000 137.385
174100 -5.933
174200 -107.649
174300 361.074
174400 163.120
174500 -61.021
174600 -206.496
174700 73.672
174800 96.650
174900 195.249
175000 108.974
175100 -15.862
175200 258.143
175300 209.781
175400 283.423
175500 -109.502
175600 -29.303
175700 -129.503
175800 299.358
175900 -10.131
176000 126.875
176100 65.839
176200 480.259
176300 -24.447
176400 8.709
176500 398.883
176600 123.827
176700 141.559
176800 -86.282
176900 -324.690
177000 151.866
177100 -174.649
177200 -42.326
177300 190.750
177400 36.787
177500 266.090
177600 116.697
177700 231.057
177800 190.368
177900 -228.132
178000 -128.695
178100 89.113
178200 260.468
178300 16.145
178400 546.801
178500 188.193
178600 351.322
178700 7.502
178800 47.068
178900 496.145
179000 -247.194
179100 -164.489
179200 369.780
179300 368.243
179400 121.515
179500 -179.049
179600 125.614
179700 219.868
179800 68.999
179900 -87.674
180000 70.220
180100 76.617
180200 51.201
180300 315.020
180400 -30.881
180500 -286.586
180600 403.843
180700 86.910
180800 2.397
180900 385.395
181000 71.662
181100 -237.223
181200 195.295
181300 330.135
181400 77.051
181500 33.745
181600 119.367
181700 -92.128
181800 141.430
181900 -80.544
182000 117.620
182100 71.638
182200 98.524
182300 -129.515
182400 297.166
182500 -79.797
182600 -582.633
182700 -3.500
182800 -196.926
182900 -19.737
183000 -207.496
183100 -39.113
183200 52.052
183300 -60.112
183400 -44.949
183500 290.579
183600 126.925
183700 58.944
183800 109.728
183900 216.866
184000 105.046
184100 163.706
184200 91.532
184300 -42.400
184400 5.350
184500 295.221
184600 -23.930
184700 239.302
184800 194.895
184900 34.767
185000 -408.092
185100 -108.301
185200 109.062
185300 138.984
185400 -88.611
185500 -137.554
185600 -31.199
185700 245.554
185800 -6.526
185900 37.623
186000 165.947
186100 -89.388
186200 97.011
186300 103.142
186400 16.266
186500 -246.787
186600 -80.373
186700 102.910
186800 170.571
186900 226.947
187000 134.204
187100 -152.408
187200 149.935
187300 242.729
187400 -113.668
187500 33.234
187600 -35.588
187700 -313.189
187800 -15.699
187900 232.326
188000 200.005
188100 237.088
188200 121.240
188300 120.584
188400 10.030
188500 -46.000
188600 248.153
188700 266.749
188800 -87.888
188900 103.897
189000 67.182
189100 -189.103
189200 106.187
189300 -61.371
189400 -58.247
189500 9.234
189600 165.874
189700 -35.555
189800 269.274
189900 66.463
190000 217.961
190100 -28.531
190200 -285.985
190300 -160.938
190400 84.820
190500 -14.279
190600 33.019
190700 373.505
190800 186.033
190900 -26.163
191000 -114.575
191100 260.599
191200 385.710
191300 -2.465
191400 -19.203
191500 147.663
191600 230.867
191700 313.636
191800 -33.263
191900 288.146
192000 343.312
192100 93.828
192200 324.970
192300 303.099
192400 192.353
192500 259.250
192600 13.833
192700 107.378
192800 77.235
192900 77.065
193000 -147.631
193100 26.644
193200 316.200
193300 319.705
193400 -64.786
193500 9.578
193600 -186.518
193700 350.567
193800 -26.750
193900 370.493
194000 409.108
194100 -17.813
194200 -223.876
194300 -45.819
194400 -10.558
194500 314.260
194600 160.298
194700 352.166
194800 125.577
194900 38.496
195000 8.600
195100 -23.246
195200 586.074
195300 123.724
195400 43.914
195500 26.897
195600 23.285
195700 280.891
195800 240.976
195900 141.343
196000 158.153
196100 106.499
196200 418.435
196300 -172.674
196400 3.422
196500 275.213
196600 183.971
196700 -313.771
196800 58.521
196900 321.053
197000 230.129
197100 103.114
197200 344.022
197300 -124.273
197400 -360.057
197500 87.267
197600 -87.252
197700 -216.851
197800 -294.730
197900 116.875
198000 213.018
198100 -333.574
198200 -86.613
198300 239.565
198400 182.650
198500 -33.976
198600 -116.603
198700 69.011
198800 304.275
198900 86.926
199000 -287.385
199100 88.735
199200 212.901
199300 -0.177
199400 204.243
199500 121.266
199600 197.124
199700 257.585
199800 224.077
199900 64.842
200000 157.681
200100 70.907
200200 302.017
200300 558.546
200400 22.911
200500 95.757
200600 98.351
200700 59.903
200800 54.098
200900 15.155
201000 72.201
201100 110.113
201200 108.758
201300 255.751
201400 241.063
201500 296.031
201600 -153.463
201700 -42.028
201800 147.179
201900 -14.620
202000 205.031
202100 189.558
202200 40.625
202300 219.203
202400 -252.753
202500 102.798
202600 201.178
202700 -419.353
202800 -66.306
202900 -38.578
203000 -160.056
203100 149.585
203200 234.095
203300 -308.851
203400 41.878
203500 260.808
203600 212.226
203700 35.183
203800 -31.280
203900 202.000
204000 438.922
204100 -169.347
204200 461.501
204300 -161.450
204400 68.359
204500 -23.743
204600 -159.794
204700 10.514
204800 101.032
204900 -218.971
205000 -125.674
205100 262.533
205200 -121.323
205300 -270.596
205400 323.827
205500 175.735
205600 -96.814
205700 -134.949
205800 51.242
205900 175.440
206000 280.577
206100 -235.385
206200 -261.916
206300 -277.305
206400 45.335
206500 293.936
206600 182.660
206700 -241.536
206800 -225.475
206900 298.520
207000 -7.927
207100 -268.782
207200 150.160
207300 320.025
207400 196.866
207500 324.712
207600 294.210
207700 -142.789
207800 -372.928
207900 485.644
208000 302.153
208100 147.111
208200 93.073
208300 57.497
208400 99.390
208500 7.447
208600 -141.492
208700 108.430
208800 -129.232
208900 61.349
209000 8.514
209100 -12.192
209200 -92.526
209300 -45.357
209400 461.513
209500 84.326
209600 247.113
209700 -68.642
209800 -121.989
209900 135.760
210000 51.484
210100 42.470
210200 -150.406
210300 -87.059
210400 -201.332
210500 -29.873
210600 146.430
210700 -203.802
210800 -22.264
210900 65.624
211000 139.034
211100 -257.012
211200 192.993
211300 34.551
211400 -216.534
211500 -95.298
211600 210.148
211700 67.662
211800 54.471
211900 256.308
212000 -81.342
212100 353.462
212200 -24.619
212300 138.624
212400 147.348
212500 127.769
212600 -62.576
212700 74.214
212800 161.317
212900 -25.517
213000 103.358
213100 318.136
213200 110.684
213300 -47.485
213400 341.793
213500 74.962
213600 117.471
213700 324.778
213800 -292.772
213900 -106.215
214000 289.304
214100 303.320
214200 586.619
214300 -59.189
214400 35.797
214500 20.564
214600 -82.613
214700 57.399
214800 131.968
214900 62.967
215000 113.298
215100 23.572
215200 -229.419
215300 -81.633
215400 198.201
215500 280.036
215600 -157.595
215700 -9.489
215800 96.603
215900 -85.395
216000 252.475
216100 -138.680
216200 102.504
216300 73.060
216400 -237.652
216500 273.105
216600 112.255
216700 -136.302
216800 -181.504
216900 -57.355
217000 42.833
217100 105.398
217200 2.011
217300 -107.528
217400 138.196
217500 -367.523
217600 218.018
217700 18.315
217800 63.972
217900 111.109
218000 233.158
218100 83.057
218200 48.767
218300 347.464
218400 368.886
218500 217.388
218600 -186.208
218700 350.969
218800 242.099
218900 -97.012
219000 -72.387
219100 504.029
219200 -26.922
219300 -74.896
219400 79.953
219500 -86.666
219600 230.490
219700 296.912
219800 155.785
219900 -127.724
220000 -166.233
220100 258.792
220200 257.764
220300 -201.906
220400 7.634
220500 -125.595
220600 54.242
220700 -250.011
220800 -218.622
220900 454.022
221000 232.858
221100 -148.304
221200 494.027
221300 108.637
221400 7.534
221500 282.224
221600 280.247
221700 175.126
221800 267.832
221900 -12.511
222000 308.361
222100 138.116
222200 -28.048
222300 151.276
222400 155.129
222500 121.058
222600 103.177
222700 -60.589
222800 52.381
222900 272.329
223000 -244.088
223100 -25.586
223200 -329.353
223300 -39.477
223400 -45.548
223500 267.625
223600 180.355
223700 205.469
223800 125.525
223900 189.429
224000 260.243
224100 139.661
224200 51.778
224300 266.542
224400 -10.671
224500 -56.570
224600 -90.093
224700 32.223
224800 -120.007
224900 433.390
225000 517.655
225100 -299.673
225200 54.037
225300 -50.377
225400 227.628
225500 156.908
225600 14.258
225700 79.535
225800 305.636
225900 275.880
226000 87.293
226100 151.845
226200 1.159
226300 48.305
226400 -100.924
226500 300.897
226600 269.790
226700 219.412
226800 317.780
226900 126.417
227000 48.017
227100 116.972
227200 205.501
227300 148.596
227400 38.753
227500 -52.203
227600 -10.946
227700 235.750
227800 248.677
227900 260.839
228000 12.629
228100 292.474
228200 -214.257
228300 146.942
228400 239.864
228500 137.686
228600 -84.033
228700 212.241
228800 204.115
228900 63.792
229000 -74.234
229100 552.927
229200 -92.775
229300 513.245
229400 -112.087
229500 137.986
229600 7.101
229700 -230.991
229800 -61.227
229900 279.899
230000 -216.202
230100 -304.228
230200 32.237
230300 127.254
230400 49.971
230500 68.052
230600 44.846
230700 190.203
230800 127.038
230900 117.598
231000 230.746
231100 354.778
231200 85.022
231300 90.223
231400 -19.851
231500 -76.081
231600 218.353
231700 371.494
231800 21.288
231900 -14.754
232000 202.262
232100 202.100
232200 84.533
232300 -32.986
232400 172.111
232500 131.624
232600 172.199
232700 33.739
232800 -38.138
232900 100.967
233000 -18.580
233100 -61.087
233200 289.925
233300 -73.933
233400 170.214
233500 334.833
233600 408.757
233700 154.912
233800 -431.307
233900 105.452
234000 95.424
234100 32.861
234200 -96.458
234300 -111.560
234400 72.800
234500 48.732
234600 -113.403
234700 -23.081
234800 -81.212
234900 -155.917
235000 73.552
235100 1.610
235200 114.876
235300 150.022
235400 63.781
235500 38.069
235600 101.592
235700 101.480
235800 86.691
235900 12.317
236000 53.729
236100 -32.295
236200 74.525
236300 -376.149
236400 156.576
236500 195.714
236600 -188.567
236700 169.673
236800 243.596
236900 0.775
237000 9.301
237100 280.819
237200 -70.518
237300 147.065
237400 14.044
237500 -139.322
237600 -61.456
237700 -64.498
237800 156.492
237900 -59.547
238000 -15.410
238100 134.634
238200 192.509
238300 118.013
238400 214.029
238500 122.260
238600 -257.953
238700 -134.634
238800 -0.776
238900 653.947
239000 607.568
239100 -90.612
239200 -201.600
239300 59.832
239400 14.688
239500 -160.323
239600 346.629
239700 116.439
239800 53.081
239900 139.659
240000 -25.199
240100 -116.403
240200 -142.444
240300 -160.534
240400 335.604
240500 -78.063
240600 102.392
240700 0.190
240800 -129.881
240900 80.321
241000 -72.883
241100 206.535
241200 92.876
241300 294.915
241400 93.956
241500 155.689
241600 -430.323
241700 221.625
241800 -111.086
241900 -204.693
242000 119.145
242100 115.428
242200 332.447
242300 266.814
242400 -68.661
242500 -88.171
242600 -89.013
242700 92.101
242800 356.721
242900 -46.687
243000 132.371
243100 -347.603
243200 -48.192
243300 191.399
243400 19.751
243500 142.170
243600 66.358
243700 -96.629
243800 -13.057
243900 7.239
244000 -195.256
244100 -120.823
244200 -42.945
244300 236.632
244400 75.625
244500 -116.379
244600 428.979
244700 72.658
244800 76.811
244900 -35.885
245000 150.433
245100 145.058
245200 100.230
245300 -105.539
245400 46.868
245500 116.878
245600 -27.732
245700 -14.897
245800 128.655
245900 -128.176
246000 203.069
246100 -187.176
246200 229.963
246300 195.851
246400 -250.779
246500 455.352
246600 -27.914
246700 111.960
246800 233.969
246900 -125.336
247000 153.786
247100 -204.600
247200 43.039
247300 443.196
247400 55.917
247500 124.642
247600 255.977
247700 -327.185
247800 -136.486
247900 270.878
248000 -3.665
248100 -52.804
248200 357.719
248300 451.761
248400 43.304
248500 -347.205
248600 -28.162
248700 -40.184
248800 224.697
248900 -170.797
249000 67.542
249100 105.747
249200 -41.201
249300 29.669
249400 -88.502
249500 221.395
249600 123.258
249700 -93.822
249800 60.637
249900 70.951
250000 91.001
250100 -46.356
250200 -251.683
250300 63.260
250400 71.923
250500 -73.396
250600 -229.421
250700 216.636
250800 85.503
250900 -55.266
251000 -143.339
251100 200.174
251200 165.074
251300 90.902
251400 34.427
251500 -47.569
251600 -57.944
251700 -146.280
251800 181.360
251900 43.411
252000 114.796
252100 130.094
252200 -58.701
252300 -93.166
252400 132.370
252500 201.316
252600 135.133
252700 185.616
252800 -56.560
252900 239.693
253000 -103.992
253100 383.287
253200 89.670
253300 -39.411
253400 151.329
253500 -51.997
253600 144.626
253700 37.467
253800 9.335
253900 -102.720
254000 311.689
254100 264.362
254200 -232.730
254300 -37.353
254400 -549.335
254500 201.907
254600 240.978
254700 32.502
254800 218.918
254900 -51.206
255000 -45.749
255100 -11.243
255200 297.939
255300 193.664
255400 188.007
255500 237.038
255600 322.881
255700 1.104
255800 123.492
255900 133.026
256000 43.526
256100 85.532
256200 -66.197
256300 47.838
256400 235.848
256500 -238.424
256600 -35.247
256700 -3.536
256800 11.408
256900 -55.704
257000 220.290
257100 -17.295
257200 -94.337
257300 172.242
257400 50.132
257500 -137.261
257600 215.467
257700 -246.288
257800 -153.404
257900 9.270
258000 334.136
258100 -236.586
258200 -286.353
258300 -172.245
258400 -297.478
258500 174.581
258600 263.385
258700 83.262
258800 -197.717
258900 90.959
259000 81.013
259100 143.334
259200 220.829
259300 -391.185
259400 147.635
259500 53.563
259600 218.801
259700 146.786
259800 201.308
259900 43.801
260000 -394.569
260100 -127.117
260200 -199.518
260300 -166.326
260400 255.494
260500 -6.279
260600 319.247
260700 282.501
260800 231.172
260900 127.810
261000 120.174
261100 197.945
261200 232.747
261300 71.501
261400 7.793
261500 62.873
261600 -149.501
261700 -117.319
261800 -78.017
261900 -43.083
262000 407.245
262100 85.962
262200 108.417
262300 228.202
262400 189.617
262500 302.461
262600 255.137
262700 359.657
262800 -112.614
262900 -41.211
263000 339.015
263100 434.295
263200 135.294
263300 -50.563
263400 157.280
263500 381.324
263600 119.542
263700 85.490
263800 126.598
263900 158.772
264000 220.913
264100 102.018
264200 -55.172
264300 -166.548
264400 -36.333
264500 594.822
264600 383.943
264700 263.998
264800 93.784
264900 67.379
265000 255.861
265100 -231.235
265200 -110.544
265300 96.222
265400 146.970
265500 266.128
265600 48.198
265700 -33.347
265800 148.075
265900 30.346
266000 94.855
266100 162.083
266200 69.673
266300 244.566
266400 -26.503
266500 215.876
266600 53.850
266700 274.858
266800 -1.567
266900 266.844
267000 151.778
267100 -154.879
267200 264.573
267300 -24.430
267400 -222.130
267500 50.258
267600 -63.325
267700 96.420
267800 92.793
267900 -18.475
268000 88.221
268100 400.552
268200 120.250
268300 115.840
268400 166.053
268500 93.739
268600 -178.039
268700 -50.179
268800 141.069
268900 -181.851
269000 62.641
269100 -58.756
269200 364.236
269300 -76.531
269400 451.021
269500 221.877
269600 -130.969
269700 53.295
269800 51.221
269900 70.675
270000 202.122
270100 -383.806
270200 229.538
270300 139.198
270400 85.529
270500 136.734
270600 159.644
270700 -148.163
270800 246.818
270900 97.623
271000 272.273
271100 79.813
271200 55.674
271300 -144.298
271400 -77.285
271500 23.628
271600 -221.038
271700 -144.119
271800 503.212
271900 118.595
272000 243.035
272100 272.056
272200 113.443
272300 97.569
272400 175.983
272500 404.074
272600 86.459
272700 21.712
272800 -79.544
272900 -302.616
273000 -75.257
273100 -16.521
273200 -126.042
273300 125.329
273400 294.049
273500 188.232
273600 -11.307
273700 -2.277
273800 265.525
273900 -123.631
274000 79.902
274100 -78.568
274200 143.394
274300 219.179
274400 -36.040
274500 -198.073
274600 -10.854
274700 227.355
274800 -321.716
274900 263.796
275000 14.178
275100 33.923
275200 10.833
275300 93.707
275400 100.325
275500 -198.080
275600 230.623
275700 333.294
275800 -91.995
275900 -4.609
276000 45.144
276100 164.477
276200 -102.192
276300 317.361
276400 100.325
276500 -208.660
276600 -26.938
276700 265.092
276800 -94.996
276900 152.009
277000 375.654
277100 -209.690
277200 -211.706
277300 64.520
277400 -170.627
277500 -86.664
277600 74.829
277700 0.429
277800 -130.355
277900 297.707
278000 213.108
278100 72.828
278200 84.293
278300 194.975
278400 230.772
278500 -109.344
278600 -18.927
278700 -54.999
278800 -398.576
278900 -130.821
279000 455.821
279100 142.867
279200 93.515
279300 48.674
279400 195.251
279500 1.059
279600 -109.147
279700 324.669
279800 171.717
279900 107.492
280000 260.785
280100 99.445
280200 197.798
280300 78.193
280400 92.773
280500 22.184
280600 -43.235
280700 47.446
280800 243.822
280900 -217.233
281000 -96.531
281100 331.586
281200 83.150
281300 -53.575
281400 102.195
281500 163.893
281600 351.391
281700 -8.395
281800 141.876
281900 -133.586
282000 -125.315
282100 113.690
282200 326.016
282300 -1.443
282400 11.984
282500 130.345
282600 -70.336
282700 163.886
282800 -168.380
282900 85.176
283000 244.526
283100 -204.870
283200 156.080
283300 45.780
283400 -351.623
283500 37.767
283600 114.874
283700 -31.588
283800 133.341
283900 110.675
284000 -152.508
284100 36.631
284200 201.834
284300 -16.174
284400 -64.591
284500 123.467
284600 223.870
284700 125.120
284800 17.059
284900 119.203
285000 276.001
285100 167.174
285200 256.041
285300 -151.499
285400 126.587
285500 -117.198
285600 272.897
285700 73.458
285800 -143.836
285900 -106.526
286000 4.394
286100 190.561
286200 168.160
286300 454.536
286400 54.798
286500 -192.336
286600 -38.047
286700 2.209
286800 -185.018
286900 123.113
287000 259.228
287100 72.660
287200 -33.264
287300 -3.164
287400 161.455
287500 104.398
287600 -56.369
287700 77.948
287800 188.563
287900 -40.675
288000 238.718
288100 145.089
288200 131.159
288300 122.791
288400 119.137
288500 -338.872
288600 130.394
288700 156.857
288800 226.252
288900 -42.770
289000 51.208
289100 75.559
289200 282.388
289300 192.007
289400 89.710
289500 454.257
289600 -87.083
289700 292.280
289800 -34.274
289900 85.652
290000 -232.900
290100 23.733
290200 244.728
290300 155.111
290400 -4.539
290500 -108.766
290600 342.045
290700 179.309
290800 184.510
290900 -116.737
291000 237.355
291100 349.772
291200 -203.067
291300 504.452
291400 264.317
291500 -31.203
291600 280.350
291700 229.412
291800 -253.976
291900 14.547
292000 -11.459
292100 -282.410
292200 -5.113
292300 377.168
292400 42.675
292500 411.657
292600 148.323
292700 -164.268
292800 -74.180
292900 314.112
293000 -288.455
293100 54.461
293200 300.070
293300 -113.008
293400 -33.549
293500 168.285
293600 39.342
293700 -118.470
293800 387.841
293900 65.285
294000 -20.327
294100 291.815
294200 96.337
294300 -32.810
294400 115.824
294500 -168.608
294600 117.436
294700 187.264
294800 200.271
294900 -142.898
295000 -85.866
295100 -42.177
295200 -269.170
295300 338.484
295400 20.959
295500 176.191
295600 312.131
295700 312.687
295800 295.627
295900 -356.042
296000 173.014
296100 -338.451
296200 -548.242
296300 674.728
296400 342.831
296500 -74.779
296600 -178.232
296700 -224.962
296800 21.509
296900 278.902
297000 22.619
297100 221.939
297200 -23.613
297300 18.789
297400 79.134
297500 227.563
297600 198.722
297700 16.868
297800 -6.194
297900 254.579
298000 -81.855
298100 -348.938
298200 -187.920
298300 507.942
298400 45.878
298500 -3.412
298600 348.521
298700 394.252
298800 255.624
298900 -294.247
299000 59.774
299100 -177.407
299200 -297.087
299300 348.282
299400 38.764
299500 201.909
299600 -39.850
299700 36.884
299800 285.315
299900 -159.627
300000 102.308
300100 58.932
300200 106.125
300300 129.288
300400 -110.026
300500 -174.720
300600 -152.331
300700 -118.431
300800 285.245
300900 87.217
301000 49.076
301100 -235.630
301200 128.986
301300 31.725
301400 74.707
301500 -255.666
301600 475.813
301700 364.440
301800 -51.816
301900 111.759
302000 485.818
302100 188.381
302200 -39.454
302300 -122.580
302400 426.174
302500 181.638
302600 62.704
302700 139.360
302800 -357.363
302900 218.164
303000 -221.755
303100 -246.040
303200 -182.964
303300 280.265
303400 185.338
303500 -177.611
303600 -4.533
303700 252.537
303800 56.091
303900 -269.817
304000 109.256
304100 255.453
304200 361.461
304300 474.673
304400 -170.456
304500 33.531
304600 -10.246
304700 -132.502
304800 99.386
304900 229.285
305000 185.983
305100 -199.559
305200 495.337
305300 -66.875
305400 49.434
305500 381.314
305600 -116.550
305700 -55.483
305800 -66.328
305900 -174.828
306000 246.642
306100 180.432
306200 44.266
306300 66.484
306400 522.596
306500 293.264
306600 258.594
306700 22.377
306800 -136.195
306900 -8.891
307000 -68.968
307100 237.873
307200 -62.689
307300 -26.586
307400 405.430
307500 114.046
307600 73.924
307700 -28.754
307800 -500.111
307900 91.141
308000 168.289
308100 154.958
308200 -52.201
308300 -87.958
308400 35.615
308500 -129.149
308600 -135.282
308700 103.161
308800 -22.743
308900 45.580
309000 -84.505
309100 -235.577
309200 139.956
309300 53.736
309400 -6.789
309500 -96.029
309600 -30.656
309700 175.482
309800 -210.413
309900 362.222
310000 66.120
310100 -93.798
310200 12.753
310300 265.506
310400 147.469
310500 -90.220
310600 -105.512
310700 364.517
310800 73.857
310900 -350.588
311000 367.666
311100 176.099
311200 106.866
311300 51.960
311400 -112.009
311500 -399.458
311600 -132.165
311700 137.534
311800 130.325
311900 44.409
312000 355.903
312100 50.191
312200 -29.700
312300 249.406
312400 -103.078
312500 147.791
312600 110.960
312700 207.682
312800 -84.389
312900 236.944
313000 58.707
313100 -17.334
313200 86.569
313300 -50.454
313400 -12.473
313500 307.107
313600 50.265
313700 64.234
313800 197.165
313900 151.582
314000 422.397
314100 29.781
314200 -191.531
314300 30.632
314400 -367.669
314500 -268.314
314600 -107.080
314700 248.550
314800 -158.169
314900 -271.777
315000 2.712
315100 182.788
315200 391.670
315300 -22.215
315400 -103.832
315500 -299.139
315600 180.374
315700 367.162
315800 147.474
315900 97.059
316000 217.019
316100 -291.684
316200 47.237
316300 257.490
316400 404.499
316500 0.631
316600 5.331
316700 10.747
316800 178.800
316900 -195.007
317000 38.726
317100 -19.998
317200 129.087
317300 65.462
317400 68.535
317500 313.588
317600 348.257
317700 144.922
317800 -90.917
317900 40.419
318000 162.743
318100 179.208
318200 36.534
318300 225.240
318400 152.201
318500 208.956
318600 -64.572
318700 -141.556
318800 358.388
318900 236.727
319000 96.211
319100 12.862
319200 274.133
319300 375.282
319400 -328.598
319500 -139.987
319600 -10.772
319700 101.396
319800 -192.913
319900 141.893
320000 112.587
320100 282.606
320200 -101.089
320300 96.402
320400 450.311
320500 55.960
320600 -56.702
320700 -214.874
320800 13.982
320900 92.645
321000 -30.032
321100 111.390
321200 46.942
321300 258.960
321400 357.219
321500 -157.631
321600 -39.625
321700 96.068
321800 -84.281
321900 84.380
322000 97.867
322100 -397.107
322200 41.076
322300 147.790
322400 146.821
322500 0.154
322600 135.243
322700 374.872
322800 -280.080
322900 -421.278
323000 201.018
323100 -52.671
323200 -101.371
323300 5.621
323400 344.286
323500 -138.972
323600 -7.838
323700 -161.570
323800 -100.033
323900 -105.228
324000 19.198
324100 413.163
324200 -83.415
324300 -46.223
324400 396.181
324500 37.327
324600 -253.293
324700 161.471
324800 185.459
324900 196.675
325000 94.414
325100 323.523
325200 90.486
325300 183.099
325400 15.710
325500 17.216
325600 52.933
325700 -0.952
325800 98.691
325900 325.993
326000 113.341
326100 67.503
326200 -102.105
326300 -61.025
326400 -71.157
326500 329.532
326600 120.886
326700 123.828
326800 -173.844
326900 -44.986
327000 366.253
327100 40.537
327200 -16.376
327300 -75.357
327400 300.025
327500 71.401
327600 -152.996
327700 -161.364
327800 127.893
327900 -117.707
328000 -280.285
328100 170.373
328200 -255.489
328300 -28.473
328400 544.521
328500 5.348
328600 -120.417
328700 116.522
328800 -138.953
328900 -131.698
329000 182.687
329100 56.447
329200 -106.726
329300 158.568
329400 99.484
329500 42.163
329600 79.887
329700 10.546
329800 132.344
329900 456.535
330000 100.279
330100 92.247
330200 503.719
330300 319.143
330400 -354.952
330500 135.803
330600 353.641
330700 97.681
330800 -229.096
330900 -140.901
331000 305.404
331100 -302.276
331200 -142.973
331300 -13.980
331400 345.177
331500 85.150
331600 -109.324
331700 370.202
331800 226.587
331900 36.466
332000 -27.909
332100 -4.304
332200 -398.118
332300 399.264
332400 -73.799
332500 362.230
332600 -160.658
332700 22.845
332800 110.332
332900 144.361
333000 -226.756
333100 329.721
333200 323.827
333300 167.865
333400 -235.751
333500 146.741
333600 -186.197
333700 25.674
333800 -4.977
333900 -378.738
334000 -205.910
334100 -3.239
334200 48.140
334300 -158.532
334400 -31.227
334500 -3.618
334600 -287.636
334700 -50.346
334800 -99.400
334900 -18.126
335000 -170.332
335100 435.955
335200 253.035
335300 107.834
335400 -263.648
335500 420.389
335600 420.418
335700 -61.052
335800 -206.945
335900 157.623
336000 427.868
336100 199.553
336200 258.893
336300 -110.484
336400 131.176
336500 -277.235
336600 107.684
336700 428.343
336800 -2.788
336900 110.615
337000 94.429
337100 -111.701
337200 -35.249
337300 163.331
337400 303.946
337500 190.811
337600 -28.268
337700 -128.321
337800 535.995
337900 -67.831
338000 67.084
338100 37.867
338200 392.498
338300 -41.543
338400 -69.305
338500 82.576
338600 -78.791
338700 -75.743
338800 -246.616
338900 -45.210
339000 457.883
339100 14.881
339200 -108.616
339300 327.461
339400 191.887
339500 -357.523
339600 79.163
339700 -49.250
339800 65.702
339900 582.580
340000 127.701
340100 -236.951
340200 109.627
340300 143.259
340400 97.905
340500 162.740
340600 237.783
340700 192.167
340800 -3.170
340900 -259.913
341000 51.153
341100 280.374
341200 -4.397
341300 -277.146
341400 -169.814
341500 73.645
341600 56.670
341700 259.905
341800 -88.633
341900 178.945
342000 -142.770
342100 337.991
342200 -60.427
342300 -99.492
342400 186.434
342500 273.100
342600 -171.568
342700 87.420
342800 176.486
342900 -13.713
343000 -118.896
343100 -53.739
343200 -95.761
343300 -75.131
343400 11.484
343500 -7.283
343600 -123.863
343700 33.843
343800 388.419
343900 -234.214
344000 170.325
344100 56.821
344200 229.731
344300 238.550
344400 11.608
344500 303.115
344600 -86.992
344700 113.980
344800 -158.360
344900 149.465
345000 259.574
345100 -64.658
345200 80.757
345300 -94.665
345400 -262.813
345500 64.306
345600 288.817
345700 -232.662
345800 145.479
345900 267.284
346000 141.468
346100 72.035
346200 -106.937
346300 31.383
346400 38.969
346500 248.945
346600 322.497
346700 51.132
346800 -113.892
346900 111.454
347000 84.385
347100 -165.794
347200 53.252
347300 -58.988
347400 -159.086
347500 69.037
347600 91.913
347700 -100.141
347800 132.725
347900 127.850
348000 -37.752
348100 201.229
348200 10.010
348300 -53.187
348400 -495.444
348500 145.607
348600 127.435
348700 2.175
348800 -141.403
348900 180.077
349000 79.047
349100 195.963
349200 129.918
349300 31.583
349400 28.649
349500 390.315
349600 74.321
349700 164.158
349800 113.305
349900 79.997
350000 78.205
350100 -18.777
350200 -35.220
350300 216.649
350400 186.924
350500 -179.616
350600 142.560
350700 -37.529
350800 353.572
350900 -30.144
351000 -18.955
351100 95.793
351200 -58.484
351300 71.986
351400 160.335
351500 216.094
351600 320.354
351700 -141.428
351800 -87.117
351900 -154.931
352000 15.409
352100 -25.913
352200 108.065
352300 -6.318
352400 -150.412
352500 104.283
352600 -93.528
352700 134.145
352800 236.330
352900 -208.012
353000 214.934
353100 434.785
353200 15.453
353300 167.928
353400 267.810
353500 222.968
353600 -145.226
353700 119.141
353800 354.559
353900 -151.409
354000 2.846
354100 40.298
354200 350.380
354300 194.692
354400 -49.467
354500 125.279
354600 97.157
354700 84.746
354800 -218.767
354900 -33.056
355000 -76.999
355100 140.658
355200 79.846
355300 445.769
355400 324.940
355500 -283.377
355600 327.941
355700 252.620
355800 -131.028
355900 -147.783
356000 41.953
356100 35.917
356200 -56.069
356300 66.255
356400 -52.574
356500 51.168
356600 50.804
356700 -150.784
356800 -177.287
356900 266.176
357000 -103.758
357100 -38.406
357200 369.478
357300 162.669
357400 26.593
357500 -16.228
357600 118.749
357700 60.411
357800 20.707
357900 -96.502
358000 126.738
358100 292.807
358200 91.298
358300 285.910
358400 114.657
358500 266.237
358600 160.991
358700 -80.021
358800 -17.724
358900 70.449
359000 174.720
359100 227.905
359200 80.353
359300 -240.263
359400 174.359
359500 96.910
359600 195.131
359700 119.161
359800 -1.610
359900 -170.390
360000 47.110
360100 304.284
360200 219.719
360300 -24.254
360400 173.536
360500 -104.021
360600 286.603
360700 19.165
360800 -12.809
360900 29.592
361000 107.647
361100 249.594
361200 -79.973
361300 -171.969
361400 83.666
361500 175.795
361600 113.395
361700 252.236
361800 81.692
361900 66.140
362000 8.994
362100 222.170
362200 15.996
362300 -27.935
362400 458.741
362500 -101.602
362600 1.865
362700 295.952
362800 132.614
362900 82.676
363000 -100.996
363100 -4.796
363200 -122.212
363300 -128.371
363400 144.511
363500 132.642
363600 -323.397
363700 -71.790
363800 161.371
363900 270.230
364000 -94.766
364100 -385.129
364200 -167.379
364300 305.691
364400 -322.958
364500 -121.818
364600 -94.965
364700 -353.967
364800 3.659
364900 293.286
365000 -112.339
365100 14.773
365200 215.903
365300 -52.982
365400 198.267
365500 -58.614
365600 413.554
365700 116.412
365800 -205.861
365900 -62.600
366000 321.215
366100 89.533
366200 35.426
366300 -138.272
366400 -59.160
366500 20.754
366600 270.202
366700 -139.285
366800 -193.521
366900 -54.606
367000 40.439
367100 -85.333
367200 -142.912
367300 32.594
367400 60.595
367500 -194.236
367600 -78.710
367700 195.003
367800 355.699
367900 83.550
368000 224.503
368100 28.028
368200 82.227
368300 239.638
368400 52.711
368500 185.342
368600 34.770
368700 71.904
368800 36.400
368900 -346.048
369000 388.325
369100 -45.387
369200 146.718
369300 14.821
369400 -91.552
369500 176.454
369600 229.988
369700 25.526
369800 196.840
369900 85.331
370000 91.834
370100 278.487
370200 -17.240
370300 -10.569
370400 332.181
370500 -124.408
370600 12.612
370700 -169.945
370800 -213.610
370900 -54.078
371000 347.557
371100 -26.132
371200 -141.551
371300 115.025
371400 -32.048
371500 -14.017
371600 56.719
371700 135.974
371800 179.030
371900 55.433
372000 139.560
372100 290.459
372200 314.192
372300 227.718
372400 234.011
372500 302.100
372600 -41.532
372700 219.196
372800 107.468
372900 120.257
373000 85.390
373100 -137.988
373200 25.899
373300 277.453
373400 -59.805
373500 104.160
373600 322.005
373700 353.938
373800 90.330
373900 -206.680
374000 -173.587
374100 -45.167
374200 -183.438
374300 304.931
374400 247.121
374500 -0.885
374600 318.555
374700 -61.159
374800 -167.149
374900 -1.009
375000 414.419
375100 200.631
375200 80.207
375300 75.826
375400 -118.108
375500 -66.667
375600 31.576
375700 -58.476
375800 58.350
375900 241.267
376000 -17.014
376100 135.928
376200 -88.977
376300 94.543
376400 143.428
376500 86.659
376600 76.532
376700 -95.629
376800 381.602
376900 -370.834
377000 -419.740
377100 -27.479
377200 139.021
377300 371.594
377400 -51.996
377500 234.376
377600 341.402
377700 56.224
377800 -118.963
377900 274.677
378000 395.701
378100 -255.075
378200 27.237
378300 113.113
378400 -313.711
378500 274.220
378600 482.194
378700 -78.551
378800 -20.366
378900 -50.922
379000 93.021
379100 190.218
379200 248.478
379300 -35.436
379400 100.984
379500 27.147
379600 73.797
379700 219.288
379800 -43.210
379900 -99.409
380000 299.472
380100 195.271
380200 -188.110
380300 -85.295
380400 -298.551
380500 235.902
380600 -52.656
380700 -323.700
380800 106.040
380900 359.912
381000 -176.438
381100 19.327
381200 91.935
381300 299.591
381400 19.415
381500 77.481
381600 73.297
381700 -55.105
381800 103.491
381900 -52.119
382000 -8.351
382100 -237.454
382200 -170.007
382300 -111.022
382400 264.786
382500 145.081
382600 -247.411
382700 150.586
382800 315.213
382900 29.291
383000 191.222
383100 182.943
383200 -13.862
383300 2.459
383400 -3.639
383500 16.430
383600 437.014
383700 -89.922
383800 -107.254
383900 365.206
384000 82.592
384100 0.526
384200 167.602
384300 -98.305
384400 -160.811
384500 -159.160
384600 188.441
384700 5.016
384800 -313.630
384900 305.415
385000 250.596
385100 81.811
385200 -48.002
385300 -271.365
385400 -59.187
385500 -184.512
385600 51.401
385700 -114.611
385800 250.795
385900 220.213
386000 220.754
386100 130.297
386200 -98.546
386300 339.967
386400 175.006
386500 1.259
386600 -103.534
386700 30.502
386800 -86.751
386900 -72.883
387000 183.278
387100 228.669
387200 -198.575
387300 -241.120
387400 252.082
387500 -151.360
387600 -75.569
387700 -61.738
387800 -230.188
387900 -159.145
388000 347.206
388100 37.300
388200 140.117
388300 264.719
388400 134.402
388500 93.339
388600 308.864
388700 256.101
388800 210.637
388900 -121.044
389000 161.528
389100 -104.786
389200 198.436
389300 -573.030
389400 -194.779
389500 125.429
389600 -73.233
389700 77.413
389800 341.912
389900 476.113
390000 155.587
390100 149.686
390200 -60.585
390300 109.335
390400 38.287
390500 -19.106
390600 -22.930
390700 -202.093
390800 272.575
390900 193.883
391000 -68.262
391100 168.361
391200 -69.739
391300 46.408
391400 42.436
391500 2.533
391600 8.495
391700 167.254
391800 -129.541
391900 -55.001
392000 -197.703
392100 -295.540
392200 -8.491
392300 24.143
392400 -91.749
392500 -5.918
392600 477.395
392700 177.092
392800 -51.937
392900 336.515
393000 116.503
393100 -308.975
393200 -151.755
393300 65.850
393400 93.024
393500 -142.002
393600 13.335
393700 67.641
393800 -50.546
393900 -29.055
394000 -214.803
394100 -162.631
394200 -271.028
394300 373.511
394400 16.329
394500 -50.715
394600 139.613
394700 147.150
394800 72.095
394900 115.379
395000 267.999
395100 178.507
395200 -250.535
395300 30.328
395400 -137.394
395500 -84.019
395600 -86.548
395700 -96.276
395800 54.598
395900 413.605
396000 239.334
396100 -4.611
396200 285.305
396300 130.869
396400 311.217
396500 58.288
396600 -25.280
396700 168.620
396800 236.825
396900 141.339
397000 -56.658
397100 -144.635
397200 411.899
397300 45.165
397400 -183.318
397500 159.686
397600 341.012
397700 99.808
397800 44.633
397900 145.935
398000 -15.263
398100 160.032
398200 116.910
398300 240.621
398400 6.892
398500 308.907
398600 127.371
398700 -117.155
398800 73.836
398900 -90.686
399000 83.815
399100 318.049
399200 378.135
399300 -41.932
399400 -140.708
399500 196.871
399600 -164.444
399700 -72.183
399800 -152.586
399900 250.858
400000 -29.653
400100 185.948
400200 272.880
400300 500.533
400400 -10.237
400500 -104.054
400600 178.742
400700 -89.813
400800 222.704
400900 -4.291
401000 129.686
401100 -140.001
401200 -33.073
401300 80.450
401400 -43.684
401500 143.728
401600 472.706
401700 129.915
401800 -219.721
401900 238.950
402000 72.099
402100 -264.394
402200 251.921
402300 -41.158
402400 -390.816
402500 -78.199
402600 59.268
402700 47.092
402800 -94.805
402900 -144.954
403000 -238.134
403100 -285.958
403200 276.555
403300 -92.627
403400 -121.183
403500 -330.952
403600 -362.624
403700 252.380
403800 -9.362
403900 -14.443
404000 93.876
404100 -159.295
404200 125.464
404300 -296.106
404400 306.867
404500 73.393
404600 167.030
404700 -176.187
404800 -161.039
404900 227.703
405000 224.089
405100 11.473
405200 -95.381
405300 459.886
405400 275.764
405500 248.095
405600 66.506
405700 219.949
405800 169.639
405900 178.068
406000 -57.948
406100 -58.043
406200 297.493
406300 57.661
406400 277.760
406500 573.425
406600 -95.432
406700 49.621
406800 184.797
406900 -294.992
407000 -164.001
407100 15.492
407200 -25.463
407300 -55.064
407400 7.373
407500 288.373
407600 14.295
407700 95.209
407800 56.382
407900 81.250
408000 232.283
408100 167.395
408200 213.177
408300 -1.366
408400 112.428
408500 50.792
408600 353.846
408700 -277.827
408800 -43.350
408900 6.481
409000 129.666
409100 -19.314
409200 -72.650
409300 133.972
409400 420.945
409500 -127.951
409600 -14.623
409700 126.226
409800 -214.160
409900 123.013
410000 301.038
410100 -202.888
410200 -169.204
410300 105.959
410400 60.276
410500 -191.420
410600 190.744
410700 187.429
410800 148.167
410900 130.796
411000 -76.373
411100 -21.282
411200 72.890
411300 114.083
411400 56.145
411500 95.390
411600 112.421
411700 -307.993
411800 129.357
411900 109.304
412000 139.201
412100 223.497
412200 -65.072
412300 -15.659
412400 -53.442
412500 90.763
412600 -136.131
412700 -259.616
412800 25.458
412900 -267.689
413000 -29.320
413100 411.735
413200 149.415
413300 148.493
413400 2.704
413500 -261.934
413600 201.668
413700 -48.579
413800 -83.779
413900 91.228
414000 60.155
414100 62.021
414200 -150.853
414300 43.262
414400 -142.517
414500 -73.722
414600 246.480
414700 -19.590
414800 349.748
414900 107.052
415000 -248.014
415100 150.104
415200 226.271
415300 72.653
415400 131.558
415500 -49.841
415600 16.649
415700 56.761
415800 209.221
415900 136.415
416000 -192.437
416100 370.749
416200 434.669
416300 115.767
416400 412.120
416500 142.037
416600 50.271
416700 53.447
416800 59.492
416900 319.983
417000 13.173
417100 -54.970
417200 102.632
417300 205.127
417400 212.414
417500 83.545
417600 -130.531
417700 -171.714
417800 43.829
417900 -166.670
418000 -43.360
418100 375.935
418200 409.180
418300 9.040
418400 -47.328
418500 9.328
418600 -55.493
418700 -321.374
418800 110.731
418900 135.185
419000 285.739
419100 -217.245
419200 -9.801
419300 -0.418
419400 258.283
419500 332.035
419600 -114.767
419700 196.440
419800 288.709
419900 -144.960
420000 395.420
420100 180.168
420200 6.779
420300 -11.744
420400 7.356
420500 145.517
420600 280.669
420700 -498.764
420800 98.959
420900 78.430
421000 -41.917
421100 -144.525
421200 28.521
421300 -138.597
421400 -313.748
421500 315.869
421600 -138.958
421700 -394.791
421800 148.336
421900 44.015
422000 225.209
422100 411.096
422200 -179.631
422300 39.562
422400 266.863
422500 -122.453
422600 109.551
422700 80.608
422800 306.498
422900 121.643
423000 86.391
423100 284.073
423200 273.432
423300 -223.339
423400 459.934
423500 -28.318
423600 -106.672
423700 264.346
423800 -53.596
423900 61.792
424000 330.275
424100 81.867
424200 19.653
424300 7.290
424400 -101.761
424500 43.638
424600 93.455
424700 -260.894
424800 -19.004
424900 73.556
425000 215.812
425100 -123.478
425200 75.194
425300 249.550
425400 267.963
425500 84.823
425600 -176.664
425700 176.636
425800 -53.577
425900 -143.743
426000 -216.681
426100 167.086
426200 153.267
426300 120.081
426400 -61.005
426500 -89.460
426600 130.767
426700 -52.670
426800 414.284
426900 -100.983
427000 -72.017
427100 195.781
427200 -323.338
427300 -108.013
427400 109.905
427500 14.567
427600 -78.381
427700 -130.510
427800 260.551
427900 175.834
428000 -2.310
428100 -225.891
428200 232.801
428300 154.683
428400 -202.031
428500 -126.253
428600 388.228
428700 181.848
428800 -145.257
428900 -14.737
429000 242.676
429100 -56.482
429200 25.019
429300 -172.543
429400 86.016
429500 -45.356
429600 -213.154
429700 337.062
429800 110.984
429900 -119.252
430000 69.452
430100 190.354
430200 113.464
430300 72.883
430400 173.649
430500 257.171
430600 49.422
430700 153.253
430800 -75.564
430900 23.763
431000 238.922
431100 174.054
431200 235.403
431300 85.520
431400 -192.284
431500 -55.398
431600 315.578
431700 24.078
431800 92.557
431900 51.433
432000 136.914
432100 34.023
432200 178.601
432300 156.997
432400 28.446
432500 -43.048
432600 72.656
432700 89.353
432800 147.839
432900 30.013
433000 576.680
433100 272.912
433200 235.265
433300 61.849
433400 -45.138
433500 -112.551
433600 -97.842
433700 -57.007
433800 226.889
433900 -169.514
434000 -27.368
434100 -14.412
434200 -16.428
434300 322.641
434400 -14.805
434500 -212.468
434600 21.164
434700 100.985
434800 22.328
434900 -300.491
435000 -80.668
435100 20.141
435200 -238.131
435300 129.748
435400 170.482
435500 -122.086
435600 -0.817
435700 312.046
435800 206.914
435900 -97.752
436000 419.030
436100 412.268
436200 -160.282
436300 -137.846
436400 86.957
436500 150.486
436600 -197.778
436700 -62.490
436800 19.518
436900 -30.891
437000 176.518
437100 352.092
437200 -261.314
437300 174.922
437400 -72.687
437500 -349.360
437600 -289.933
437700 84.883
437800 191.730
437900 33.635
438000 29.505
438100 -419.990
438200 -89.392
438300 73.943
438400 -356.407
438500 -11.605
438600 119.951
438700 -165.499
438800 275.537
438900 289.020
439000 90.617
439100 8.455
439200 -139.138
439300 108.964
439400 112.763
439500 -30.803
439600 18.644
439700 145.281
439800 -34.714
439900 -314.276
440000 6.151
440100 -159.115
440200 126.010
440300 -10.661
440400 -250.316
440500 347.509
440600 323.718
440700 107.733
440800 44.431
440900 18.119
441000 63.558
441100 243.308
441200 443.444
441300 28.396
441400 -103.286
441500 -66.767
441600 -22.000
441700 -167.563
441800 -142.007
441900 -123.829
442000 70.639
442100 -163.335
442200 186.262
442300 -6.680
442400 49.323
442500 134.094
442600 113.277
442700 296.811
442800 227.560
442900 189.616
443000 -130.678
443100 276.937
443200 88.692
443300 67.348
443400 316.812
443500 289.601
443600 -343.186
443700 116.947
443800 -5.484
443900 -180.566
444000 33.309
444100 250.871
444200 118.974
444300 -46.424
444400 32.488
444500 -94.784
444600 282.072
444700 641.459
444800 120.815
444900 266.859
445000 -366.820
445100 416.757
445200 139.134
445300 91.069
445400 211.951
445500 -64.392
445600 -58.199
445700 392.834
445800 72.715
445900 103.987
446000 -144.808
446100 66.147
446200 -272.650
446300 50.401
446400 225.517
446500 -0.281
446600 169.535
446700 25.745
446800 156.376
446900 78.485
447000 375.215
447100 82.753
447200 379.702
447300 78.765
447400 348.875
447500 180.297
447600 167.912
447700 240.277
447800 -175.753
447900 462.873
448000 -29.779
448100 80.210
448200 -23.249
448300 -38.082
448400 82.000
448500 -12.596
448600 223.033
448700 -120.963
448800 -128.669
448900 -21.952
449000 260.307
449100 378.188
449200 -82.538
449300 -73.711
449400 -283.339
449500 438.268
449600 99.148
449700 -30.981
449800 -130.214
449900 112.460
450000 -342.939
450100 71.901
450200 41.666
450300 86.537
450400 -106.996
450500 278.038
450600 151.577
450700 201.841
450800 114.185
450900 106.634
451000 267.643
451100 405.183
451200 72.138
451300 -11.699
451400 -81.760
451500 386.659
451600 463.990
451700 -200.305
451800 237.293
451900 112.319
452000 -160.683
452100 144.116
452200 61.414
452300 -26.451
452400 132.854
452500 393.808
452600 -20.973
452700 -223.063
452800 91.776
452900 -86.443
453000 158.070
453100 -273.093
453200 222.210
453300 -6.610
453400 591.107
453500 8.414
453600 201.954
453700 -238.381
453800 -92.625
453900 135.835
454000 77.221
454100 185.842
454200 -116.820
454300 159.329
454400 120.049
454500 97.210
454600 -433.008
454700 -4.787
454800 188.088
454900 380.105
455000 -116.730
455100 248.701
455200 293.111
455300 90.973
455400 -55.559
455500 -94.731
455600 -8.285
455700 121.356
455800 30.539
455900 140.016
456000 384.050
456100 -139.481
456200 -141.604
456300 -116.412
456400 202.353
456500 443.861
456600 -197.729
456700 -166.451
456800 -77.022
456900 20.973
457000 147.604
457100 67.770
457200 37.017
457300 -129.558
457400 -35.100
457500 196.101
457600 65.811
457700 74.066
457800 67.631
457900 105.670
458000 -326.821
458100 56.752
458200 267.858
458300 101.939
458400 -11.034
458500 -60.525
458600 262.883
458700 387.894
458800 92.917
458900 138.194
459000 28.756
459100 -10.954
459200 39.324
459300 154.003
459400 -282.368
459500 5.178
459600 57.498
459700 25.004
459800 -64.652
459900 -302.947
460000 26.128
460100 164.848
460200 182.927
460300 388.922
460400 -53.478
460500 196.549
460600 -25.237
460700 122.844
460800 9.740
460900 192.836
461000 129.011
461100 257.714
461200 14.176
461300 260.805
461400 -55.180
461500 118.710
461600 46.635
461700 436.795
461800 51.368
461900 49.877
462000 -53.871
462100 98.172
462200 112.459
462300 -19.287
462400 372.596
462500 -66.723
462600 186.621
462700 344.113
462800 134.044
462900 224.981
463000 40.482
463100 -43.443
463200 -24.290
463300 167.813
463400 34.724
463500 76.199
463600 62.179
463700 115.361
463800 306.639
463900 33.258
464000 -295.260
464100 -234.873
464200 196.124
464300 60.876
464400 108.094
464500 -83.431
464600 -66.538
464700 -177.118
464800 200.894
464900 -81.477
465000 105.549
465100 261.714
465200 250.523
465300 -20.604
465400 220.913
465500 76.170
465600 -6.933
465700 -115.863
465800 83.329
465900 -63.821
466000 -197.347
466100 -109.363
466200 66.492
466300 219.779
466400 -358.038
466500 321.258
466600 234.744
466700 -43.792
466800 -41.387
466900 217.596
467000 16.427
467100 -190.243
467200 250.710
467300 647.823
467400 102.887
467500 -221.064
467600 226.238
467700 388.370
467800 36.873
467900 -35.747
468000 168.452
468100 -83.048
468200 360.142
468300 7.772
468400 198.863
468500 201.074
468600 215.386
468700 28.714
468800 340.640
468900 -79.865
469000 -248.093
469100 26.333
469200 29.140
469300 -78.248
469400 106.851
469500 200.283
469600 329.993
469700 -174.064
469800 -94.986
469900 344.165
470000 114.242
470100 -142.409
470200 65.888
470300 -162.291
470400 18.317
470500 145.609
470600 -318.177
470700 -440.369
470800 -446.164
470900 -9.483
471000 -28.925
471100 215.077
471200 28.982
471300 -153.507
471400 165.260
471500 206.366
471600 166.791
471700 195.751
471800 -68.067
471900 -164.662
472000 -39.880
472100 171.583
472200 -137.859
472300 -98.276
472400 -50.218
472500 -256.461
472600 144.735
472700 222.769
472800 92.680
472900 243.834
473000 465.650
473100 359.525
473200 -23.339
473300 -172.342
473400 -0.741
473500 125.298
473600 344.806
473700 -197.391
473800 199.594
473900 73.928
474000 135.013
474100 -59.701
474200 238.457
474300 -226.025
474400 149.268
474500 283.099
474600 -1.106
474700 -3.210
474800 -235.908
474900 319.751
475000 -250.280
475100 101.707
475200 319.972
475300 200.167
475400 -236.199
475500 -102.447
475600 350.621
475700 135.520
475800 -359.267
475900 90.318
476000 282.971
476100 -129.696
476200 252.748
476300 9.321
476400 264.655
476500 -58.034
476600 -125.436
476700 430.510
476800 -315.326
476900 159.189
477000 -37.365
477100 4.333
477200 226.488
477300 -122.775
477400 -6.219
477500 52.866
477600 -5.161
477700 35.951
477800 -250.846
477900 -178.585
478000 80.701
478100 -67.122
478200 -3.824
478300 -312.365
478400 -121.929
478500 -98.913
478600 -213.781
478700 -94.318
478800 87.756
478900 159.869
479000 26.923
479100 52.815
479200 69.363
479300 38.407
479400 180.863
479500 175.657
479600 300.658
479700 92.345
479800 -12.847
479900 55.091
480000 -93.379
480100 135.934
480200 169.171
480300 95.046
480400 110.132
480500 -70.930
480600 -455.923
480700 -60.512
480800 21.954
480900 221.497
481000 -76.751
481100 -206.718
481200 289.713
481300 40.005
481400 9.355
481500 5.560
481600 301.786
481700 151.272
481800 -50.015
481900 18.359
482000 -128.678
482100 6.182
482200 74.944
482300 64.190
482400 245.344
482500 168.102
482600 -255.344
482700 39.019
482800 78.990
482900 110.303
483000 -409.640
483100 137.889
483200 161.417
483300 185.191
483400 -132.248
483500 191.359
483600 155.174
483700 576.656
483800 -261.234
483900 -68.940
484000 -179.791
484100 -5.286
484200 30.196
484300 -33.108
484400 192.623
484500 82.532
484600 265.373
484700 205.805
484800 -34.505
484900 194.335
485000 50.409
485100 274.820
485200 289.960
485300 245.878
485400 543.283
485500 84.140
485600 274.940
485700 123.942
485800 154.324
485900 51.977
486000 41.739
486100 19.978
486200 229.544
486300 -78.522
486400 -128.030
486500 114.545
486600 43.845
486700 155.192
486800 152.473
486900 129.099
487000 217.343
487100 -68.810
487200 242.923
487300 83.611
487400 6.360
487500 29.774
487600 171.601
487700 17.504
487800 242.814
487900 -95.860
488000 -282.777
488100 -305.569
488200 229.362
488300 -4.303
488400 145.527
488500 -32.170
488600 4.312
488700 -26.677
488800 332.253
488900 31.760
489000 -60.176
489100 248.590
489200 225.858
489300 -142.426
489400 -343.115
489500 170.675
489600 510.559
489700 -34.026
489800 -205.600
489900 -39.173
490000 270.864
490100 153.465
490200 198.653
490300 254.804
490400 104.554
490500 -129.096
490600 60.840
490700 -3.515
490800 164.098
490900 -96.714
491000 -239.632
491100 122.461
491200 77.949
491300 187.892
491400 187.633
491500 40.324
491600 -68.974
491700 105.269
491800 -184.576
491900 161.692
492000 -14.880
492100 103.896
492200 106.767
492300 41.008
492400 76.818
492500 60.328
492600 65.193
492700 -126.517
492800 -275.119
492900 108.008
493000 207.672
493100 137.005
493200 3.437
493300 234.509
493400 -132.862
493500 -113.179
493600 -44.377
493700 194.691
493800 119.123
493900 -28.084
494000 28.715
494100 179.032
494200 -124.338
494300 -175.527
494400 189.036
494500 215.632
494600 308.211
494700 128.550
494800 16.776
494900 127.715
495000 205.619
495100 -9.040
495200 19.220
495300 258.813
495400 -69.159
495500 -41.877
495600 129.916
495700 -186.522
495800 -307.912
495900 -32.134
496000 -41.822
496100 257.091
496200 155.738
496300 280.317
496400 -68.359
496500 -109.979
496600 103.419
496700 -67.828
496800 169.806
496900 -123.969
497000 -43.466
497100 -209.959
497200 259.119
497300 94.743
497400 181.681
497500 42.868
497600 -95.054
497700 318.824
497800 -7.392
497900 97.776
498000 26.496
498100 147.451
498200 31.277
498300 234.944
498400 40.906
498500 35.243
498600 68.376
498700 70.629
498800 219.361
498900 -119.240
499000 51.711
499100 -314.307
499200 -1.065
499300 81.754
499400 -127.843
499500 149.327
499600 7.833
499700 -84.570
499800 20.447
499900 382.128
500000 -21.518
